>AOMT3 Solanum tuberosum [EC:2.1.1.104]
atggcagaaaaaagtggacatggcactattctgcgaagtgaagccctcaagaagtatattttggaaaccagtgtttatccaagagagcatgagcaactaaaagaactcagacaagcctcattcgataagtataaaatagtgagcttgatgggtgtgcctcaagatgaaggccaatttctttcaatgcttctaaagatcatgaatgccaagaagacaatggagattggagttttcactggttactctcttctagttacagctcttgctttgcctgaagatgggaaagtaatagcaattgatccagacaaagatgcatatgaagttggattgccatttattaagaaggctggtgtggagcataagattcaatttattcaatcacaggccttgcctgttcttgaaaaactcctcgagaaagaagaagggacatttgatttcatattcattgatgctgataaggagaactatttgaaataccatgagattgtactaaaattggtgaaagttggaggagtacttggctatgataacactttatggtatggaacagttgcactttcagagaatgatcctatgccaccaggattaaaggcattgaggggagctgttagagagatcaacacttttttagctaatgatcctagaattgaaatgtctcaactttcaattggtgatggacttaccctttgtcgccgtctctactag
